0.000000000000000000e+00 0.000000000000000000e+00 0.000000000000000000e+00
1.593389374072511355e-01 2.024515330286205950e-01 1.683725065122602116e-01
2.175480605720337135e-01 2.805807857963036889e-01 2.293262299944173466e-01
2.728890618947784064e-01 3.509532201407268293e-01 2.874340878022191847e-01
3.190421211373771215e-01 4.069064922399281414e-01 3.307634676438283572e-01
3.574751863215305248e-01 4.536294692594126654e-01 3.669715644987656122e-01
4.010321987283095857e-01 5.118344341628293659e-01 4.094155971936409011e-01
4.323678733528087403e-01 5.548532120277430701e-01 4.418276424969865279e-01
4.666830730200169919e-01 5.963892158600642146e-01 4.740263511158015475e-01
5.034810944340140093e-01 6.424973378829936799e-01 5.062230414576720516e-01
5.347905273453014141e-01 6.822223922529851992e-01 5.337858692122917637e-01
5.592073876411149946e-01 7.135831950582439687e-01 5.562890072639279371e-01
5.890388918146932662e-01 7.613875352802985663e-01 5.836930357609664277e-01
6.100682679194920910e-01 7.829473222043284997e-01 6.024690810419083276e-01
6.428680830851669636e-01 8.348803071041199786e-01 6.252976613589845689e-01
6.611976703062800720e-01 8.601065803611251948e-01 6.428739977956864360e-01
6.829933514535062589e-01 8.946819066362897699e-01 6.590290872013073731e-01
6.922329129761751743e-01 9.087334337079078228e-01 6.653860251122482028e-01
7.043781276202519814e-01 9.222004926144703463e-01 6.737291463411937409e-01
