0.000000000000000000e+00 0.000000000000000000e+00 0.000000000000000000e+00
1.574338691542776225e-01 1.918354809652208226e-01 1.632113659175195297e-01
2.184712283709743241e-01 2.705206033292164025e-01 2.256460270855751016e-01
2.642926468888874836e-01 3.232784639651705150e-01 2.719997530890760351e-01
2.992976092662620879e-01 3.620091990433288998e-01 3.085036595676679538e-01
3.325939021719087063e-01 4.045464180252507647e-01 3.406818563745244721e-01
3.478684616822582121e-01 4.195672893502895295e-01 3.571842449339543979e-01
3.709759424239190695e-01 4.484160731993359628e-01 3.807377309751253103e-01
3.910898217143340960e-01 4.708391537603587307e-01 4.003061211793193519e-01
4.058382361736065924e-01 4.875452270642182673e-01 4.156891840795880477e-01
4.254807707731052546e-01 5.093511846366159945e-01 4.348646782049333526e-01
4.308572154080123062e-01 5.170943760954257451e-01 4.401380550932645352e-01
4.456578468851414287e-01 5.344157367050491603e-01 4.548939283309128556e-01
4.521717721971566517e-01 5.428339018160399654e-01 4.611995326767053260e-01
4.614226939638360059e-01 5.532172956332841451e-01 4.699792819338080019e-01
4.698394049708460307e-01 5.633634453874059034e-01 4.782075731201108071e-01
4.787953325926173620e-01 5.724061868810866871e-01 4.869488160162850909e-01
4.829396069997274887e-01 5.816657030156782149e-01 4.900974967134769100e-01
4.933965409836120197e-01 5.921084812479180393e-01 5.008956439022541618e-01
