0.000000000000000000e+00 0.000000000000000000e+00 0.000000000000000000e+00
1.548197254951255153e-01 1.981268482855624291e-01 1.808728325602214637e-01
2.081213613038759291e-01 2.643287069893464625e-01 2.424879061964912985e-01
2.573153236828434332e-01 3.232715162104535800e-01 2.927118734017754020e-01
2.937926513090513558e-01 3.646061284933229119e-01 3.271324657838948213e-01
3.232312474607163533e-01 4.005434171930383203e-01 3.649389669015906112e-01
3.420763057209801894e-01 4.246898442662521145e-01 3.854433768015700923e-01
3.575538150537283522e-01 4.447481329371221204e-01 4.091243801038741967e-01
3.787032065908660927e-01 4.697795934339364932e-01 4.307062721540670380e-01
3.971181722709500317e-01 4.903913612827882074e-01 4.467826995918746658e-01
4.090675100493402772e-01 5.034782467716432119e-01 4.589861668055325028e-01
4.187253429316489250e-01 5.146069627608478303e-01 4.714063473356752687e-01
4.309359370066303541e-01 5.300711294445056287e-01 4.857041795833889064e-01
4.411268049469522778e-01 5.394254998326372119e-01 4.909646715704556463e-01
4.511893351054251933e-01 5.540446116598385373e-01 5.068551509563929969e-01
4.617696550528258004e-01 5.645368245802554474e-01 5.133073215486270158e-01
4.691010941992510008e-01 5.739762104782621943e-01 5.223214771975444037e-01
4.760801157634021452e-01 5.814938200282251390e-01 5.289085126940902271e-01
4.810286081247219236e-01 5.878836127938461553e-01 5.347458199610031215e-01
