0.000000000000000000e+00 0.000000000000000000e+00 0.000000000000000000e+00
1.333209415112625584e-01 1.900955075011834527e-01 1.702261353187538018e-01
1.793889321289780237e-01 2.615962087807345293e-01 2.354641400716060429e-01
2.447907345832765202e-01 3.411236461097410522e-01 2.957520878012178112e-01
2.939738065351023555e-01 4.062616990522611715e-01 3.432105984041164959e-01
3.372731930875514927e-01 4.652914182364227824e-01 3.946150975266105587e-01
3.767226888002935259e-01 5.006808161197463525e-01 4.172418234294039685e-01
4.256163362826453911e-01 5.659446813956116040e-01 4.594276486280906013e-01
4.480298268796126249e-01 5.982069793549030789e-01 4.889979920401958946e-01
4.843813327249321676e-01 6.340218904975565284e-01 5.146012842761347184e-01
5.281437768810995914e-01 6.860803471804574061e-01 5.464358533675306440e-01
5.556228124725045570e-01 7.144470261540913913e-01 5.626276974839501399e-01
5.787961490802662201e-01 7.512698383533866764e-01 5.929823304462881195e-01
6.191798572104503240e-01 7.997966256675183017e-01 6.162063034459969169e-01
6.444229394011640188e-01 8.279904146977762336e-01 6.324787179656161662e-01
6.612268600659958473e-01 8.507267981999052653e-01 6.466785775489712895e-01
6.845639118913482424e-01 8.840585129304417977e-01 6.664146846814653635e-01
6.817708922698579865e-01 8.978626617973006763e-01 6.738848979985873067e-01
6.964603886890072815e-01 9.191793359125888241e-01 6.766686546534621538e-01
